1;2;3;4;5;6;7;8;9;10;11;12;13;14;15;16;17;18;19;20;21;22;23;24;25;26;27;28;29;30;31;32;33;34;35;36;37;38;39;40;41;42;43;44;45;46;47;48;49;50;51;52;53;54;55;56;57;58;59;60;61;62;63;64;65;66;67;68;69;70;71;72;73;74;75;76;77;78;79;80;81;82;83;84;85;86;87;88;89;90;91;92;93;94;95;96;97;98;99;100
0;15.52065298;19.10148002;8.547131016;34.33175987;27.80327498;24.59607995;35.79378416;59.78519794;41.26510338;56.10747479;64.23640337;46.36165252;65.09133077;54.15557022;53.98909569;66.65216929;73.36888247;90.26393393;95.51246641;64.85665445;66.01168277;91.84589238;68.8924937;72.0235708;72.86173602;75.30360058;76.81666994;99.69315801;112.9451615;89.56443431;96.27755507;94.97225561;99.31757054;98.94629423;105.5536817;115.2949027;143.975513;165.6299046;166.3442577;144.2341537;176.0278306;191.6291617;158.9708238;182.2312398;181.2681189;195.7818553;171.1689954;206.3397898;152.2547284;202.9103416;188.1137892;185.8183543;150.4492938;174.0864504;166.3385899;164.1866607;157.6803141;184.4638193;209.2174157;161.8032445;162.3934218;165.6306064;203.0968185;178.2134241;175.9230022;185.8508595;192.1514658;185.6344581;223.4506333;202.645552;222.8618642;198.8323661;91.63467765;85.07462665;151.0383804;164.80342;110.1940284;74.45507221;97.29335482;110.5443715;110.9517967;127.5907955;163.5031764;139.4238205;161.405578;173.6787033;172.8862082;133.2656397;131.6844115;172.7621245;118.3496193;130.833683;184.9987941;181.2499537;190.9165586;185.371418;178.3976547;188.1319613;200.8778678
15.52065298;0;3.749096288;11.3066923;19.47153009;19.82343174;22.72249601;35.45670512;46.77011991;43.56768122;45.37483168;52.49923581;49.8443938;53.96413299;61.33930046;47.36586553;56.20761516;62.75269585;77.34411641;82.88400786;68.02297756;69.89581461;79.83230528;70.51034456;72.69206809;71.18594985;71.11048463;74.52618275;91.21154116;102.1178711;85.55049806;91.4756718;95.52427621;94.18996066;101.1292141;105.2196801;117.295706;133.7503391;153.5633845;154.4299839;134.4513053;163.6343968;178.7656175;148.5289918;170.0600451;169.436758;183.197425;160.1540184;193.4715;144.0646406;190.3819211;176.3568544;174.6247568;145.0449988;164.4935338;158.7732802;157.144075;153.8182163;174.8892444;197.8043647;157.6801136;159.5505755;163.4948966;192.9070838;174.1793532;174.5696354;179.6313638;184.7977727;182.5796772;214.1720785;196.614633;214.0280774;196.1810877;76.19110936;69.6226159;135.5604421;149.3063814;94.67339339;59.00815313;81.86989105;95.09786711;95.53284652;112.1671872;148.1630695;124.3382328;146.1859773;158.3972457;157.6414041;118.6028737;117.3260774;157.9667104;105.4956948;117.8307611;170.401687;167.0726334;176.7248687;171.3245318;164.6892819;174.5727911;187.2740981
19.10148002;3.749096288;0;13.94109628;15.72998665;18.10294913;22.59331603;35.14402278;43.2357203;43.70537877;42.3105429;49.18699227;50.1596302;50.76969491;62.41709337;45.25304598;53.14629809;59.62997835;73.77797932;79.35708675;68.06645455;70.0992572;76.40910099;70.16063318;72.09862542;70.04328356;69.3760199;73.2169722;88.44724043;98.87646697;83.78574464;89.50984289;94.78524534;92.1422791;100.7600491;104.2369904;116.8335614;130.5885718;150.0835189;150.972926;131.3702241;160.1039562;175.1688181;145.3186583;166.5599809;165.9876798;179.6365085;156.8392649;189.8719606;141.2813046;186.8273458;172.9172334;171.2749782;142.8358713;161.4270364;156.1013813;154.5793164;151.9326324;171.8205826;194.4127206;155.7326584;157.8838199;161.9822083;189.720768;172.2338631;173.2218621;177.2169583;182.1493114;180.8412667;211.1410729;194.2273925;211.0791973;194.5203994;72.82341132;66.24768531;132.1351443;145.84963;91.14272382;55.35995992;78.20917601;91.45079458;91.87040878;108.5076116;144.4721896;120.6024698;142.4679837;154.6915539;153.9281963;114.8545671;113.5891176;154.2179514;101.9204408;114.2301821;166.6540086;163.3438482;172.9947556;167.6046402;160.9988164;170.8961154;183.5918245
8.547131016;11.3066923;13.94109628;0;27.55464828;19.26019599;16.74540678;28.78197368;51.65950044;35.43767499;47.60257379;55.820189;41.17274887;56.60265936;51.14008785;45.64770035;58.1176264;64.83695772;82.02284661;87.19523623;59.68156252;61.19745449;83.42385235;63.03940008;65.79583747;65.78977379;67.52459405;69.56908655;91.22803584;104.407441;81.87712096;88.41494868;88.79461371;91.38750134;93.46667354;99.0665974;109.775901;135.4296757;157.175004;157.8710364;135.6997554;167.6169538;183.3026231;150.4237265;173.7859318;172.7829486;187.398395;162.6306212;198.0102911;143.8500193;194.5152881;179.6202062;177.2860322;142.5237683;165.5649794;158.0225344;155.951254;150.1424993;175.944691;200.6948351;154.1991797;155.1525188;158.6137023;194.5542605;170.6458287;169.1767656;177.7764679;183.8775794;178.3491515;214.9557577;194.6168557;214.4054451;191.6784752;86.47007102;79.89005204;145.6307611;159.2646461;104.3856918;68.1805453;90.86854084;104.1686153;104.4850067;121.1125189;156.7740256;132.3059927;154.4558882;166.8252867;165.9690666;125.7421019;123.9550041;165.3135781;110.058091;122.5683116;177.3855121;173.382032;183.0513682;177.43681;170.3229834;179.9992804;192.7558823
34.33175987;19.47153009;15.72998665;27.55464828;0;17.99035091;27.24159745;37.026543;28.4762694;46.58292181;30.26319933;35.54074381;53.32561679;37.71951265;68.03561238;38.08182127;40.7390233;46.76950097;58.67014783;64.40424661;69.37600713;72.00146259;61.93096263;69.76699297;70.61284918;66.23915537;62.93844829;68.58416797;76.91517567;85.11178234;76.87504934;81.5975305;92.16701512;83.82320097;99.6187214;100.4279313;115.0893306;117.0641892;135.2167654;136.1952992;118.1883817;145.0349766;159.8487096;131.5566907;151.6033315;151.229319;164.444922;142.6280446;174.5382653;129.3463487;171.6565236;158.1909172;156.9062286;133.3734087;148.23605;144.5946023;143.5358493;143.8177211;158.6021379;179.8598814;147.3333446;150.6769532;155.4132888;175.9939581;163.7724086;167.3020065;166.7427215;170.6719114;173.2288195;198.0243159;183.8232929;198.2995012;187.1898512;59.84900652;53.30614721;118.5293336;132.0422034;77.05130862;40.6694778;63.31460773;76.61627615;76.93094745;93.56014574;129.2870307;105.092778;127.0942774;139.4014028;138.5854706;99.14716215;97.86026738;138.550035;86.72442602;98.92437843;150.9399524;147.6243283;157.2731436;151.9015157;145.3712707;155.3085953;167.9862384
27.80327498;19.82343174;18.10294913;19.26019599;17.99035091;0;9.818434453;19.24346583;33.76978807;28.71373674;28.42375009;36.89366269;35.45647582;37.45662804;50.05723658;27.62333607;38.86386214;45.5863578;63.50925524;68.45821226;52.11984555;54.55486209;64.41810881;53.28102044;54.76213673;52.06807852;51.333752;55.14892952;72.36981728;85.1488927;65.76364655;71.6528075;77.16154787;74.37919272;83.67990776;86.34458134;99.55586604;116.203353;138.057138;138.7162912;116.5371068;148.5889615;164.4535219;131.1811014;154.6846855;153.6036261;168.4239144;143.3713996;179.149625;125.1497449;175.5145032;160.4249612;158.0316894;125.2910157;146.4524007;139.5913171;137.7689962;134.0020267;156.8397208;181.4520294;137.8571467;139.8218953;143.8825687;175.3470432;154.3566339;155.1274634;160.041353;165.5522466;162.8130946;195.9323696;176.9912469;195.5086878;176.457727;76.42109279;69.99006695;134.0430954;147.251268;92.26673226;55.67594624;77.34297938;90.56516861;90.63678045;107.0516114;141.8439376;116.5238846;138.9890887;151.5461235;150.5365398;108.9536901;106.6444911;148.5777649;91.34590922;103.9040609;160.2217548;155.6114177;165.2740727;159.5013279;152.0628974;161.5942072;174.366118
24.59607995;22.72249601;22.59331603;16.74540678;27.24159745;9.818434453;0;12.74586663;42.32736256;21.1348306;35.15526013;44.15534906;27.67575618;44.10377011;41.10556145;29.76750835;44.77507264;51.43906201;71.09677149;75.69368908;45.47459794;47.52363251;71.15717871;47.78797967;50.04446136;49.24545509;50.80185137;52.91809593;75.73579187;90.52179396;65.13734621;71.72968531;72.95229165;74.74128268;78.4067181;82.89138839;94.58023878;120.8233584;144.1875992;144.7087877;120.7725891;154.9669771;171.1976587;135.920753;160.841795;159.4645799;174.9034399;148.5581597;185.8531926;128.0030567;181.9225693;166.1975238;163.3225537;125.8789338;150.4176237;141.8986039;139.6560025;133.3974683;160.7619587;186.866621;137.4549386;138.462416;142.0144817;179.7389752;153.9004983;152.726884;161.2550796;167.6529852;161.6426107;199.5354403;178.0513731;198.7529275;175.0128293;86.21667372;79.77245059;143.8376289;157.0176815;102.0532509;65.47709479;87.02616487;100.2163945;100.2528038;116.6082135;151.1716096;125.6343659;148.1683592;160.767736;159.7130552;117.6653253;115.0726287;157.2433305;98.49835378;111.0832282;168.639568;163.6214454;173.2656881;167.3701249;159.6339638;168.9898536;181.7628423
35.79378416;35.45670512;35.14402278;28.78197368;37.026543;19.24346583;12.74586663;0;44.31733598;9.58601863;34.34525274;43.47566387;16.31195074;42.38690465;31.79939126;23.35986869;41.85583574;48.04078412;69.935321;73.76425058;33.09778834;35.3898206;68.46450821;35.0632346;37.31550366;37.0914571;40.11349285;41.02515199;68.24911782;85.33813031;54.10181925;61.13304012;60.25386749;64.33252091;65.68260665;70.33055801;81.83925042;114.3007153;139.6206311;139.9281666;113.771623;150.7303962;167.4891248;129.447486;156.2297348;154.4109268;170.741669;142.6035714;182.020694;119.4076489;177.619153;160.9838565;157.4398862;115.2818993;142.9208723;132.6959195;130.0748642;121.9663088;153.171264;181.0660804;126.1375531;126.6016368;129.9086973;172.6348485;142.5127351;140.3975496;151.029311;158.1686498;149.8407211;191.4658446;167.6644694;190.3019868;163.0588589;93.26715208;87.03288378;149.1970464;161.968267;107.4891689;71.48501098;91.66274885;104.5289353;104.3571237;120.2757129;153.647485;127.4674194;150.1111124;162.807144;161.5969855;118.3754585;115.0797636;157.5927838;96.03508653;108.5259542;168.3054494;162.3649361;171.9288337;165.7940446;157.4851135;166.4590627;179.183955
59.78519794;46.77011991;43.2357203;51.65950044;28.4762694;33.76978807;42.32736256;44.31733598;0;52.48533962;12.1776171;9.151028896;58.17969755;12.58905695;74.72009183;28.39127802;16.69602747;20.69420594;30.59836638;36.12137141;68.39813257;71.74668794;33.45729096;65.66583791;64.39546404;56.26109742;48.28617012;56.69485158;51.50514621;56.89131593;59.74099384;62.24400031;81.77239319;63.59412952;91.40677822;87.34626731;104.9617491;88.90753321;106.8782362;107.8065274;90.27520648;116.8697319;132.055119;103.2443333;123.3320222;122.8338426;136.4314354;114.1650803;146.7658972;102.589112;143.6129299;129.7825214;128.4299603;109.8026236;120.241114;118.2230325;117.7237037;122.090367;130.5709697;151.4022348;125.1239373;130.2376374;135.8976556;147.6638645;141.263871;148.6273295;141.4711363;144.1979118;151.8639993;170.0129058;158.5375425;170.5278766;166.0978276;53.65071972;48.34595908;105.8074841;118.2006955;64.57100407;31.11571615;48.14284837;60.61190372;60.31944584;76.02047462;109.4599411;83.53738307;106.144935;118.802661;117.6716642;75.33982832;72.88257408;114.9303884;58.75419795;71.15172426;126.4636795;121.9068396;131.5738642;125.8672137;118.6636502;128.354479;141.1059768
41.26510338;43.56768122;43.70537877;35.43767499;46.58292181;28.71373674;21.1348306;9.58601863;52.48533962;0;41.68353032;50.54579684;6.745020665;48.96992928;22.53005325;28.21115533;47.78591598;53.46160746;76.21767517;79.55461526;24.46101788;26.39398745;73.86822483;27.66882883;30.79892213;33.08720373;38.88342866;37.51944901;69.95895993;88.76122768;51.83555163;59.38417762;53.71116278;62.78911972;58.02943661;64.40866893;74.33963277;116.3512954;143.1081644;143.2520477;115.4005871;154.4165588;171.4989583;131.4460014;159.6139423;157.4621457;174.4127499;144.9771097;185.8989883;119.4414036;181.164787;163.8847429;159.8115245;112.9446185;143.9242341;131.9948243;128.9513729;118.3341894;154.041984;183.4279143;122.6743306;122.1812248;124.9733036;173.8904606;138.8754285;134.9047604;149.0269339;157.0422763;145.4623409;191.7504602;165.4019524;190.2049277;158.3577554;102.5565009;96.37425329;157.9497922;170.5676482;116.3395999;80.60042049;100.310927;113.0226648;112.7777217;128.484013;161.2728658;134.8697504;157.4992885;170.2119585;168.9307594;125.2660976;121.6192441;164.1589085;101.2588459;113.5938151;174.4662405;168.0022218;177.4908153;171.2262413;162.5826209;171.2799919;183.9371001
56.10747479;45.37483168;42.3105429;47.60257379;30.26319933;28.42375009;35.15526013;34.34525274;12.1776171;41.68353032;0;9.196939954;46.96746964;9.046010238;63.49465713;16.23138277;10.83712277;17.4109788;36.09071517;40.54223426;56.31317372;59.6891664;36.10597428;53.48847615;52.25491644;44.36600426;37.16495965;45.09311697;46.68611;56.95784245;49.60923991;53.08762915;70.14314063;54.89311577;79.53315064;76.27559025;93.40532338;88.40649767;109.6354587;110.2935118;89.07889774;120.2025286;136.1999985;103.2479694;126.2661051;125.1881912;140.0678356;115.1554225;150.8799904;99.29591028;147.1401381;132.0190558;129.7575137;103.3895371;119.1273457;114.4132371;113.2813002;114.4990218;129.5222634;153.1214475;117.8267601;121.9708162;127.2033989;147.5795027;134.180946;139.5971919;136.4908349;140.4938562;144.1273476;168.8310976;153.5739817;168.795656;158.2365585;65.78101596;60.37629081;117.5487232;129.7353337;76.54283568;43.21578398;59.98213587;72.17058611;71.77313224;87.09672154;119.5930414;93.24537574;115.8862737;128.5938738;127.3464409;84.03366057;80.83969983;123.3107638;63.34691308;75.93165807;134.2204046;128.7316542;138.3524384;132.3744383;124.5107245;133.8366365;146.6091146
64.23640337;52.49923581;49.18699227;55.820189;35.54074381;36.89366269;44.15534906;43.47566387;9.151028896;50.54579684;9.196939954;0;55.5736304;3.603986937;72.0276372;23.71084942;7.747585966;11.7249432;26.9593478;31.61186585;63.59165991;67.04863658;27.60948952;60.04925737;58.22924588;49.33004024;40.40619003;49.25939516;42.58559821;49.73587795;51.1321385;53.29614741;74.23018824;54.55132777;84.23981893;79.1984877;97.25686294;81.5938711;101.4145556;102.1721237;82.64985742;111.7977512;127.5627997;96.20440055;118.0024432;117.13522;131.5841961;107.6587444;142.2612944;94.19505116;138.6960291;124.0185216;122.1290272;100.7238849;112.7024474;109.6901146;109.0175071;112.9398567;123.0731293;145.3473876;115.9811427;121.103251;126.7997199;140.6344453;132.1345846;139.5721389;132.6535012;135.7184186;142.7130185;162.4888376;149.7321712;162.770565;156.9470461;60.66691366;55.79040625;110.0136921;121.8948525;69.58968215;38.49743194;52.83560588;64.50794369;63.98493515;78.88912649;110.7922285;84.32742761;106.9539939;119.6670109;118.38641;74.90929079;71.65193196;114.136029;54.48617817;67.05971911;125.023496;119.5783799;129.2059032;123.2551409;115.4818828;124.8786714;137.6533413
46.36165252;49.8443938;50.1596302;41.17274887;53.32561679;35.45647582;27.67575618;16.31195074;58.17969755;6.745020665;46.96746964;55.5736304;0;53.71542417;16.54752619;32.43451144;52.14651539;57.42960172;80.55480333;83.54508974;18.54164712;20.08352144;77.6360467;22.90187098;26.73739707;31.08140565;38.75938209;35.73165268;71.27308798;91.09514859;50.60488542;58.40047894;49.17024815;61.9046817;52.58476354;60.24693966;68.93353682;117.6000726;145.2796457;145.3084176;116.3585782;156.7027804;173.9827863;132.6060409;161.6774047;159.295562;176.652577;146.3625997;188.2684392;119.2640009;183.3055772;165.5997403;161.1621291;111.115016;144.3502877;131.2557041;127.9238413;115.5625205;154.3497651;184.7293021;120.008828;118.8365962;121.2555149;174.428487;136.0421061;130.7712556;147.3233893;155.9377335;142.0919198;191.5755907;163.4809079;189.7639068;154.7377748;108.9473984;102.8122119;163.8831748;176.3758382;122.3727598;86.86749628;106.2072385;118.7907907;118.4922879;134.0257009;166.3555677;139.8189219;162.4122196;175.125377;173.7933494;129.8657068;125.9786172;168.4707584;104.7644947;116.9489746;178.4753005;171.6451516;181.0678973;174.7188276;165.8500518;174.3382833;186.929972
65.09133077;53.96413299;50.76969491;56.60265936;37.71951265;37.45662804;44.10377011;42.38690465;12.58905695;48.96992928;9.046010238;3.603986937;53.71542417;0;70.06351298;21.45549183;4.151340621;9.051850451;27.5584806;31.69393454;60.92580921;64.40845359;27.07930061;57.13208821;55.14788932;46.04874134;36.90567586;45.84699053;39.67941162;48.16705532;47.52865263;49.72508407;70.77049745;51.01873564;80.85746913;75.63104575;93.7563266;79.8199416;100.6009583;101.2724234;80.6818605;111.1566352;127.1705583;94.5654559;117.228188;116.1804772;131.0227491;106.299004;141.8468305;91.68777915;138.0941586;123.0224641;120.8602255;97.5594108;110.7488009;107.0649509;106.2505134;109.587663;121.1348949;144.183424;112.6749024;117.6612233;123.3086754;138.95435;128.8679615;136.0490425;129.7781484;133.1217245;139.348959;160.5104685;146.8637342;160.6505973;153.5684036;64.13051815;59.31843441;112.8011819;124.5280247;72.6401328;42.03618078;55.85267562;67.28943015;66.70669956;81.34599949;112.7062127;86.11242884;108.6975159;121.4103729;120.0800463;76.29628217;72.7549842;115.2933747;54.41359007;66.99661555;125.9185925;120.1293397;129.7271689;123.6847217;115.6850755;124.9418396;137.7104808
54.15557022;61.33930046;62.41709337;51.14008785;68.03561238;50.05723658;41.10556145;31.79939126;74.72009183;22.53005325;63.49465713;72.0276372;16.54752619;70.06351298;0;48.65871466;68.30144355;73.29560096;96.59338188;99.30937381;19.13106716;17.57093771;93.23320368;26.62310233;31.69828038;40.11524924;50.37598904;44.70876208;84.03439074;105.041886;59.67641056;67.6230512;49.93690421;71.19780304;49.66021182;61.60216889;65.4044045;129.7883406;158.7332585;158.59554;128.0820113;170.2842436;187.7983404;144.5597574;174.9221967;172.2025556;190.1161036;158.6157963;201.8933816;128.9357651;196.6090351;178.3041458;173.3000005;117.3979399;154.9699477;139.7085731;135.8018349;119.4812432;164.6994567;196.7097337;124.1462414;121.167942;122.4828354;185.1126938;139.5726042;130.6221251;153.5433751;163.4410245;144.1039178;200.8383682;169.0806285;198.4973656;155.9297646;125.0416708;118.8264118;180.3810342;192.9090408;138.8223336;103.1292775;122.71382;135.3283514;135.0361968;150.5686148;182.7623183;156.1693183;178.7342994;191.4434683;190.0827108;146.0121023;141.953835;184.3675936;120.0073991;131.9946964;194.0922927;186.8976167;196.2374986;189.8025694;180.6882254;188.9092128;201.3985195
53.98909569;47.36586553;45.25304598;45.64770035;38.08182127;27.62333607;29.76750835;23.35986869;28.39127802;28.21115533;16.23138277;23.71084942;32.43451144;21.45549183;48.65871466;0;19.71421862;25.25222512;48.14417449;51.34702753;40.12951722;43.53412081;45.67930783;37.30507246;36.31575428;29.36592224;24.86547606;30.97630032;45.98572947;62.01540549;38.96820142;44.29972098;55.53301634;46.889944;64.27690544;62.84117491;78.80156542;91.44838134;116.2667604;116.5897323;91.19506211;127.3707794;144.1560984;106.5850369;132.8814105;131.1120754;147.3822792;119.5304324;158.6739565;98.2901885;154.2600068;137.7159344;134.3505863;97.68188717;120.7189427;112.3748353;110.3519376;106.7552738;131.0481852;157.9605498;110.5062417;113.0472188;117.529437;150.1621703;127.0058019;129.2724064;132.4509;138.2418866;135.842433;169.7713;149.3841363;168.9961017;149.6535036;81.86413011;76.32462271;133.5416587;145.5539035;92.71054158;59.28255346;76.0887401;88.07880318;87.60800218;102.5998683;134.1481646;107.5185925;130.0760438;142.7848571;141.4260249;97.43293003;93.57440894;136.0896302;73.13852493;85.53939028;146.2751171;139.8092798;149.3114779;143.0738597;134.5380887;143.3686;156.0663898
66.65216929;56.20761516;53.14629809;58.1176264;40.7390233;38.86386214;44.77507264;41.85583574;16.69602747;47.78591598;10.83712277;7.747585966;52.14651539;4.151340621;68.30144355;19.71421862;0;6.727308917;28.44562301;31.92382941;58.26126433;61.77078476;26.68538037;54.12561909;51.90814987;42.52307104;33.02279941;42.10826777;36.25264628;46.29550761;43.40326493;45.57951297;66.93394012;46.89810205;77.14005167;71.60081226;89.84513326;77.60592917;99.45369762;100.0254114;78.24395495;110.1928392;126.4745391;92.48222095;116.1047432;114.8517453;130.1291743;104.519172;141.1125286;88.625662;137.148277;121.6395611;119.1686045;93.78098679;108.2906598;103.8608507;102.8918084;105.6193241;118.685718;142.5924049;108.7504238;113.6096885;119.2156816;136.7833028;124.9799613;131.9313467;126.2934713;129.9361192;135.3664792;157.9948104;143.3818432;157.9778447;149.5715209;68.02904988;63.30870678;115.8289327;127.3628621;76.01547835;46.04855399;59.20974793;70.35239316;69.70081059;84.00845926;114.6963673;87.9859951;110.492309;123.1926316;121.8052676;77.73054442;73.87231218;116.3985871;54.2538992;66.79227603;126.708485;120.5268845;130.0806062;123.9382394;115.6863963;124.7715248;137.5212823
73.36888247;62.75269585;59.62997835;64.83695772;46.76950097;45.5863578;51.43906201;48.04078412;20.69420594;53.46160746;17.4109788;11.7249432;57.42960172;9.051850451;73.29560096;25.25222512;6.727308917;0;23.41120678;26.12717305;62.0178833;65.55136257;20.46005467;57.26555642;54.54896129;44.51492639;33.88268766;43.3979111;30.86324168;39.58885111;42.32185181;43.33500492;67.59168166;44.18004429;78.21483662;71.19996452;90.05550732;71.00347343;92.75932457;93.31587921;71.7464766;103.5351818;119.8934624;85.8372122;109.4122012;108.1322808;123.4860072;97.80928592;134.515279;82.64607314;130.490597;114.9159038;112.4495951;89.11924655;101.8092274;98.05685276;97.31588743;101.637391;112.2003776;135.8671829;104.5760723;110.0711799;115.9820494;130.1726195;120.6529115;128.9325782;120.9297615;124.1047512;131.4259781;151.5506775;138.0092363;151.6380716;145.6930859;68.46418647;64.2326227;113.4706702;124.5745293;74.63819761;47.24909587;57.89746483;68.2396104;67.43885564;80.99966519;110.4862494;83.67230965;106.0153721;118.6776125;117.2163471;72.87274588;68.66083461;111.0850395;48.00391852;60.48520462;121.0732766;114.5652629;124.0783757;117.8668605;109.4513469;118.4299702;131.1639064
90.26393393;77.34411641;73.77797932;82.02284661;58.67014783;63.50925524;71.09677149;69.935321;30.59836638;76.21767517;36.09071517;26.9593478;80.55480333;27.5584806;96.59338188;48.14417449;28.44562301;23.41120678;0;6.107320875;85.31358087;88.8486731;8.555885242;80.28793544;77.25436268;66.81610469;55.38087584;65.03034023;37.78407007;31.05207471;60.53509842;59.01993901;87.83966696;58.60436058;98.91634108;89.53821322;109.1806414;61.99601217;76.60631082;77.6624708;64.3590123;86.37110773;101.4578513;75.31683121;92.94148238;92.69623242;105.8585292;85.0512984;116.1690918;79.88561062;113.0510606;99.68210136;98.9261444;93.87484307;93.45355303;96.00492644;96.81785941;108.9294169;103.5410002;121.5278098;110.9968165;118.8576206;125.7382107;119.3184212;126.0357611;139.2665804;121.0867081;121.1824409;138.2331626;142.7673885;137.7860517;143.9988506;152.5289568;56.25863228;53.95772089;92.63769513;102.9144957;56.74470814;39.92673831;41.06417916;48.71650825;47.58722327;59.31714317;87.22971053;60.39013273;82.64184534;95.28956771;93.81421304;49.46886723;45.43024767;87.95297002;28.15646276;40.57595021;98.37929716;92.64308303;102.261819;96.29601111;88.58703726;98.08522997;110.8568874
95.51246641;82.88400786;79.35708675;87.19523623;64.40424661;68.45821226;75.69368908;73.76425058;36.12137141;79.55461526;40.54223426;31.61186585;83.54508974;31.69393454;99.30937381;51.34702753;31.92382941;26.12717305;6.107320875;0;87.09721673;90.62431075;6.611286782;81.68059642;78.34606283;67.67842609;55.92258559;65.50165434;34.66471061;25.30266793;59.62542929;57.33106894;87.39526105;56.5612433;98.61411026;88.29925367;108.1155943;55.93835471;70.81252274;71.80964517;58.37893355;80.75049028;96.11673892;69.21032069;87.22384594;86.84596298;100.354416;78.98953197;110.8273425;74.23297826;107.5212771;93.81967246;92.91845064;89.19071283;87.37680188;90.36248463;91.3479906;104.6216329;97.45012584;115.6018423;106.5148653;114.800649;121.8571878;113.2191356;121.3099505;135.4624873;115.6194229;115.3956183;133.7196365;136.6645145;132.2394115;137.9176349;147.982315;60.96153801;59.05484569;93.93234212;103.6019452;59.8007064;45.62376566;44.81294114;51.18460096;49.90735172;60.2843721;86.1186344;59.33744538;81.15036088;93.68243473;92.10017146;47.55865028;42.8391472;85.07888201;22.88792231;35.45095063;94.94614383;88.60425126;98.16468682;92.05351774;83.99243955;93.29625893;106.0695213
64.85665445;68.02297756;68.06645455;59.68156252;69.37600713;52.11984555;45.47459794;33.09778834;68.39813257;24.46101788;56.31317372;63.59165991;18.54164712;60.92580921;19.13106716;40.12951722;58.26126433;62.0178833;85.31358087;87.09721673;0;3.535093493;80.67947474;7.614443473;12.72359013;22.32506954;33.7812172;26.61193203;67.4236986;89.41136967;41.1870725;49.07555829;31.93563908;52.63557602;34.15146563;43.46123637;50.49101855;112.2932111;142.1775181;141.8772216;110.2871653;153.8153694;171.5241287;126.8432605;158.1067475;155.097042;173.4661805;141.052485;185.3764714;110.2117597;179.788541;161.0170533;155.6175013;98.27779042;136.5263068;120.6912145;116.7164687;100.7156383;146.1325632;178.8772833;105.3356751;102.9003108;104.6768769;166.6437342;120.9423981;113.533064;134.4403771;144.319557;126.0027171;181.9204151;150.0464852;179.4834813;138.1999293;121.38892;115.5871739;173.5955548;185.4484334;132.8385434;98.87258218;116.2134158;128.0972328;127.5733854;142.2341556;172.4999688;145.6767855;167.9466878;180.5755291;179.0637098;134.5752789;129.9080322;171.8210258;106.2657214;117.7597833;180.7309841;172.7531763;181.8971902;175.3242499;165.8181503;173.5949001;185.8986747
66.01168277;69.89581461;70.0992572;61.19745449;72.00146259;54.55486209;47.52363251;35.3898206;71.74668794;26.39398745;59.6891664;67.04863658;20.08352144;64.40845359;17.57093771;43.53412081;61.77078476;65.55136257;88.8486731;90.62431075;3.535093493;0;84.20158674;10.36006454;15.34035567;25.45767925;37.0861314;29.60244254;70.63341497;92.73401179;43.91749661;51.74703551;32.50114234;55.28889917;33.51273931;44.14491925;49.74764727;115.2680425;145.3361126;145.0068481;113.1782854;156.984311;174.7189502;129.7477618;161.2118223;158.1436302;176.5973249;143.9933382;188.5278575;112.6903438;182.8859848;164.0201964;158.5190642;100.0357159;139.1525138;122.8883103;118.7952291;101.9107145;148.6903782;181.7261408;106.5755161;103.7078546;105.2122571;169.246268;122.0177074;113.7259462;136.1211511;146.2738063;126.7126931;184.2146511;151.569895;181.6677654;138.7078011;124.6157888;118.7760919;177.0391354;188.9222032;136.2283655;102.1231392;119.6226845;131.5475126;131.033437;145.7300989;176.0342394;149.2114744;171.4815755;184.1099737;182.5973543;138.1071773;133.4311973;175.3259283;109.7334552;121.1927168;184.2009509;176.1773581;185.3052868;178.722818;169.1850459;176.9151164;189.1949896
91.84589238;79.83230528;76.40910099;83.42385235;61.93096263;64.41810881;71.15717871;68.46450821;33.45729096;73.86822483;36.10597428;27.60948952;77.6360467;27.07930061;93.23320368;45.67930783;26.68538037;20.46005467;8.555885242;6.611286782;80.67947474;84.20158674;0;75.17270935;71.78790441;61.09658199;49.31942306;58.8930525;29.26927832;24.28138825;53.15608635;51.11222873;80.84885708;50.50188737;92.04994727;81.94142644;101.713263;56.08048075;73.82509023;74.62375547;57.9732804;84.19409334;100.0941101;70.0481201;90.3993883;89.61520614;104.0064005;80.71369078;114.7745942;72.51077037;111.1041331;96.52670702;94.98005487;85.50993311;87.58222671;88.57856451;89.11498852;100.429251;97.81345014;118.016642;102.5443023;110.3144558;117.183245;114.3906374;117.6755535;130.7107569;113.3540098;114.024923;129.7841627;137.2052745;130.1547916;138.0911287;144.0885507;64.72927975;62.2580896;100.1846657;110.0365164;65.12868038;47.67260986;49.59144001;56.86878307;55.67016708;66.61816188;92.7218195;65.94673197;87.72225673;100.2348586;98.63653595;54.09492691;49.23052485;91.29226825;27.57659822;40.10689948;100.8742625;94.13415717;103.6322247;97.40815299;89.02357434;98.08688667;110.8385761
68.8924937;70.51034456;70.16063318;63.03940008;69.76699297;53.28102044;47.78797967;35.0632346;65.66583791;27.66882883;53.48847615;60.04925737;22.90187098;57.13208821;26.62310233;37.30507246;54.12561909;57.26555642;80.28793544;81.68059642;7.614443473;10.36006454;75.17270935;0;5.110049809;15.216194;27.06993262;19.25250183;60.39819367;82.66358424;33.62089406;41.48952282;26.26863709;45.04482539;30.6198012;37.4202973;46.8190899;104.9080302;135.0376765;134.6894165;102.8267618;146.6928135;164.4481163;119.3939513;150.8806736;147.7920566;166.2792121;133.634705;178.2219292;102.5978667;172.550711;153.6614438;148.1662614;90.91773588;128.9343773;113.113234;109.1789743;93.83324835;138.5268404;171.3874902;98.40349817;96.44980857;98.57266174;159.0468044;114.1653257;107.8988214;127.1181685;136.8327073;119.643394;174.3180453;142.836375;171.9054081;132.0884017;119.1583924;113.5611442;169.9157042;181.4807729;129.6197062;96.57770644;112.8826213;124.4110425;123.7987355;138.0569922;167.5052927;140.6624508;162.7665728;175.3411702;173.7766296;129.2380483;124.3562663;165.9924746;100.157093;111.4346619;174.6020771;166.3640009;175.4317416;168.8192137;159.1923387;166.8162489;179.0514238
72.0235708;72.69206809;72.09862542;65.79583747;70.61284918;54.76213673;50.04446136;37.31550366;64.39546404;30.79892213;52.25491644;58.22924588;26.73739707;55.14788932;31.69828038;36.31575428;51.90814987;54.54896129;77.25436268;78.34606283;12.72359013;15.34035567;71.78790441;5.110049809;0;10.91476068;22.9639995;14.51406574;55.82638374;78.28901973;28.57757095;36.42018198;22.99942932;39.96935407;29.01788875;33.63628742;44.79688347;100.00549;130.3236282;129.9380292;97.86199767;141.989422;159.7768369;114.4361189;146.0962619;142.9464151;161.5226163;128.7009614;173.4884698;97.49145156;167.7540845;148.7751547;143.2040131;85.96979385;123.852776;108.0189728;104.1093164;89.2247183;133.4311018;166.3925171;93.75631965;92.15049652;94.52052744;153.9599353;109.6195854;104.1713167;122.1893219;131.7938851;115.3895107;169.2109023;137.9811449;166.8104057;128.0003852;118.0352111;112.5925712;167.7069735;179.0598614;127.7850566;95.46972506;111.000547;122.254137;121.5798407;135.5298139;164.3641126;137.5296564;159.4951999;172.0225092;170.4209215;125.8816514;120.8471679;162.2483312;96.25885962;107.3589265;170.6340663;162.2074841;171.2155485;164.5758878;154.8623165;162.3693296;174.550068
72.86173602;71.18594985;70.04328356;65.78977379;66.23915537;52.06807852;49.24545509;37.0914571;56.26109742;33.08720373;44.36600426;49.33004024;31.08140565;46.04874134;40.11524924;29.36592224;42.52307104;44.51492639;66.81610469;67.67842609;22.32506954;25.45767925;61.09658199;15.216194;10.91476068;0;12.05151711;4.705361848;45.19002212;67.47564873;19.78898697;27.72026522;26.18485292;31.28478987;35.16764737;34.33505629;49.43708323;90.02138446;119.8805222;119.562472;88.11610687;131.5270996;149.2629419;104.645795;135.7840917;132.7773929;151.1525554;118.8077409;163.0746235;89.0311033;157.4646781;138.7172417;133.4152474;80.07885769;114.8702708;100.4452554;96.95131081;85.30132865;124.6425523;156.7421282;89.60849378;89.54972117;92.82844444;145.0146601;105.8532203;103.4940536;116.2640174;124.9184582;112.8084026;161.1706629;132.4915833;159.1109511;125.9718619;109.7915413;104.6032372;157.9558726;169.0754033;118.5307748;87.34298529;101.7240936;112.6181142;111.8735883;125.4739113;153.7692479;126.9516192;148.8182644;161.3147047;159.6928684;115.166295;110.0543227;151.3645416;85.35107853;96.44786224;159.719433;151.3113734;160.3358294;153.7051376;144.0290217;151.6106693;163.8369428
75.30360058;71.11048463;69.3760199;67.52459405;62.93844829;51.333752;50.80185137;40.11349285;48.28617012;38.88342866;37.16495965;40.40619003;38.75938209;36.90567586;50.37598904;24.86547606;33.02279941;33.88268766;55.38087584;55.92258559;33.7812172;37.0861314;49.31942306;27.06993262;22.9639995;12.05151711;0;9.651750945;33.77346437;55.64829369;14.445389;21.02911487;33.92468392;24.22752203;44.34988535;39.12543658;56.8520782;79.45198799;108.5766047;108.356032;77.90434564;120.1839271;137.8337899;94.30279728;124.6481231;121.8439754;139.9221908;108.2815676;151.7757828;80.63215373;146.3398649;127.9283608;123.001342;75.21388759;105.5993926;93.13610536;90.21831714;82.78007335;115.5904178;146.4729373;86.74393015;88.51088759;92.77261807;135.6922724;103.2209475;104.4167747;110.9170827;118.3258039;111.4793559;152.9600353;127.5592961;151.3334923;125.1469346;101.0312259;96.19313577;147.2147211;158.0474966;108.4714138;78.89467759;91.69779794;102.0987789;101.2680425;114.4077788;142.0408266;115.2539073;136.9986202;149.4581333;147.8144888;103.313319;98.1145238;139.329265;73.30023192;84.4176747;147.6714276;139.3113751;148.3645415;141.749467;132.1350785;139.8290356;152.1187545
76.81666994;74.52618275;73.2169722;69.56908655;68.58416797;55.14892952;52.91809593;41.02515199;56.69485158;37.51944901;45.09311697;49.25939516;35.73165268;45.84699053;44.70876208;30.97630032;42.10826777;43.3979111;65.03034023;65.50165434;26.61193203;29.60244254;58.8930525;19.25250183;14.51406574;4.705361848;9.651750945;0;41.32657562;63.89213251;15.08996277;23.02869569;25.07905211;26.59674274;35.03208131;31.89470703;48.31417568;85.6867864;115.8234475;115.4542964;83.68653446;127.4860602;145.266342;100.2364927;131.633719;128.5414097;147.0423882;114.4406031;158.9968003;84.3543629;153.3011264;134.4251565;129.0105011;75.50268511;110.2611859;95.74032315;92.25742904;81.05434355;120.0066937;152.2936177;85.30894386;85.59921079;89.10992194;140.4040324;101.6102405;100.0439047;111.6630388;120.2345383;108.8239304;156.4751639;127.9376738;154.4063171;122.1094139;109.9160873;104.9100469;156.8103378;167.6866032;117.8780262;87.61069509;101.0859135;111.6373688;110.8273567;124.0483802;151.6092578;124.8390812;146.5162959;158.9460947;157.2836345;112.8135466;107.5282671;148.5123585;82.38474682;93.23659681;156.5970614;147.9649204;156.9136661;150.2514889;140.4701785;147.9034869;160.0598889
99.69315801;91.21154116;88.44724043;91.22803584;76.91517567;72.36981728;75.73579187;68.24911782;51.50514621;69.95895993;46.68611;42.58559821;71.27308798;39.67941162;84.03439074;45.98572947;36.25264628;30.86324168;37.78407007;34.66471061;67.4236986;70.63341497;29.26927832;60.39819367;55.82638374;45.19002212;33.77346437;41.32657562;0;23.02711732;29.86997533;24.9149714;57.59106787;23.16906365;68.92289325;55.98822822;75.91017695;46.39912807;74.80409116;74.59016375;45.55257433;86.41803632;104.1011028;61.48718411;90.89737253;88.20332343;106.1499888;75.10168626;118.0045867;52.85376639;112.5877525;94.39938633;89.91609899;58.63985675;74.77121283;67.74574359;66.64124357;72.24318041;85.08058551;113.5106116;74.78074359;81.60451817;88.22580105;104.3882768;90.52522269;101.6590535;90.09913514;93.82425651;101.9228973;123.8096484;107.184383;123.1785088;116.2481654;93.40410488;90.38591905;128.0050957;136.9437682;94.33994912;74.59585164;78.84811622;85.84839958;84.56978823;94.24796588;116.2391795;90.29480809;110.4035271;122.305988;120.444355;77.09234052;70.90245434;109.5962842;43.98882586;53.35004013;116.5810024;107.2924967;116.0407536;109.3200857;99.35330984;106.6098901;118.7352776
112.9451615;102.1178711;98.87646697;104.407441;85.11178234;85.1488927;90.52179396;85.33813031;56.89131593;88.76122768;56.95784245;49.73587795;91.09514859;48.16705532;105.041886;62.01540549;46.29550761;39.58885111;31.05207471;25.30266793;89.41136967;92.73401179;24.28138825;82.66358424;78.28901973;67.47564873;55.64829369;63.89213251;23.02711732;0;52.89108711;47.54166556;80.44824753;45.32596624;91.73721155;78.03308169;97.78682984;32.02127033;54.36477538;54.59882885;33.69795313;65.66108349;82.89220924;46.47013499;70.92581186;69.10556177;85.65204872;58.22399789;97.1871257;48.93870467;92.41722147;75.75062698;72.89527887;65.83024071;63.43792943;65.06890548;66.19615655;82.24342628;73.72826327;96.37632185;83.5867363;93.11210483;100.6671682;90.90514451;97.60784823;114.3976699;90.45027215;90.13172597;110.5279069;113.1631433;106.9906668;113.8855632;124.6426884;85.58186536;84.09699596;110.7112589;118.3239969;81.73513077;70.91407271;68.32280711;72.20005675;70.66903117;77.30916833;95.23279991;70.23504857;89.04901064;100.570344;98.62233079;56.58706824;49.93152145;86.90396531;22.71636748;30.53315905;93.581008;84.28941094;93.09963169;86.40486212;76.57928529;84.18366426;96.51497985
89.56443431;85.55049806;83.78574464;81.87712096;76.87504934;65.76364655;65.13734621;54.10181925;59.74099384;51.83555163;49.60923991;51.1321385;50.60488542;47.52865263;59.67641056;38.96820142;43.40326493;42.32185181;60.53509842;59.62542929;41.1870725;43.91749661;53.15608635;33.62089406;28.57757095;19.78898697;14.445389;15.08996277;29.86997533;52.89108711;0;7.951955093;28.11681161;11.52649516;39.47324481;29.13917079;48.64628313;71.70318512;102.6904453;102.1505556;69.38190431;114.3747605;132.261987;85.9639832;118.1524406;114.7860185;133.6648625;100.2819081;145.7054293;69.29111705;139.7422528;120.4795031;114.7131587;61.25732447;95.36071259;80.69843509;77.32206806;68.34340849;105.0325969;137.8428805;72.33461118;74.13510219;78.57012304;125.4910568;88.80102253;90.46184919;97.22574193;105.3560548;97.05602109;141.3855298;113.7045726;139.330819;110.7646471;110.7739291;106.4100107;153.1667966;163.1922095;116.1461946;89.26147957;99.61175039;108.9072989;107.8924011;119.7276678;144.6689797;118.2322727;139.1340823;151.2810198;149.4921368;105.5054146;99.68374683;139.2932406;73.32323751;83.17079741;146.4489398;137.1037801;145.7727562;139.0267279;128.9276215;135.8458266;147.7436619
96.27755507;91.4756718;89.50984289;88.41494868;81.5975305;71.6528075;71.72968531;61.13304012;62.24400031;59.38417762;53.08762915;53.29614741;58.40047894;49.72508407;67.6230512;44.29972098;45.57951297;43.33500492;59.01993901;57.33106894;49.07555829;51.74703551;51.11222873;41.48952282;36.42018198;27.72026522;21.02911487;23.02869569;24.9149714;47.54166556;7.951955093;0;32.96529515;3.575068198;44.20938059;31.24957497;51.19110187;64.29679618;95.70283415;95.06822539;61.79315109;107.3778941;125.2977069;78.36912802;110.9480223;107.437838;126.498803;92.73304244;138.5736123;61.33930235;132.4748215;113.0251069;107.0810989;54.19166139;87.45159005;72.85661817;69.59882044;62.4574561;97.09681332;130.1250499;66.22313322;69.10095251;74.1275953;117.5742002;82.72443126;86.54379617;89.91602192;97.67204246;91.66285714;133.4509971;106.5326109;131.4368646;105.592722;111.4846831;107.4889259;151.2587725;160.7927049;115.4489937;90.58048872;99.18233847;107.7251693;106.6071557;117.6095248;141.0050949;114.8658716;135.2476722;147.1999849;145.3473744;101.8222751;95.73613856;134.3950518;68.90148066;78.05643923;141.02085;131.305085;139.8021135;133.0235501;122.7708509;129.3915575;141.1307034
94.97225561;95.52427621;94.78524534;88.79461371;92.16701512;77.16154787;72.95229165;60.25386749;81.77239319;53.71116278;70.14314063;74.23018824;49.17024815;70.77049745;49.93690421;55.53301634;66.93394012;67.59168166;87.83966696;87.39526105;31.93563908;32.50114234;80.84885708;26.26863709;22.99942932;26.18485292;33.92468392;25.07905211;57.59106787;80.44824753;28.11681161;32.96529515;0;35.5609893;11.36280549;11.66710371;23.29270924;95.33987607;127.5797701;126.7473047;92.15833277;139.1892044;157.1186176;108.4565447;142.2429588;138.302727;157.8366491;122.8901661;169.9642045;87.19405496;163.4910976;143.4515423;136.6656399;69.954165;114.5339287;95.00817447;90.20625367;69.91972692;123.2969828;158.9501787;74.6642181;71.23169407;72.76072476;144.0359929;89.77576392;81.69761809;105.4158561;116.7341128;94.21158722;156.4511758;120.2631736;153.2108639;106.2775617;134.8950548;129.9535645;180.3541198;190.7402961;142.2260636;112.6508787;125.4881584;135.5643313;134.6574012;147.1567976;172.7624937;146.2763035;167.249172;179.39559;177.6025464;133.6104226;127.8000837;167.1861261;101.3622018;110.9170381;173.9782147;164.247806;172.6914797;165.9024617;155.5790207;161.9597997;173.5008676
